[
  [2.958, 1.467],
  [2.658, 1.467],
  [2.808, 1.617],
  [2.808, 1.317],
  [-2.759, 0.05],
  [-3.109, 0.05],
  [-2.934, 0.225],
  [-2.934, -0.125],
  [1.686, -4.4],
  [1.386, -4.4],
  [1.536, -4.25],
  [1.788, -1.27],
  [1.488, -1.27],
  [1.638, -1.12],
  [1.638, -1.42],
  [-1.239, -1.428],
  [-1.589, -1.428],
  [-1.414, -1.253],
  [-1.414, -1.603],
  [3.081, 2.947],
  [2.781, 2.947],
  [2.931, 3.097],
  [2.931, 2.797],
  [3.348, -4.4],
  [3.048, -4.4],
  [3.198, -4.25],
  [-4.149, 0.058],
  [-4.449, 0.058],
  [-4.299, 0.208],
  [-4.299, -0.092],
  [-4.25, -1.419],
  [-4.4, -1.269],
  [-4.4, -1.569],
  [0.42, -4.324],
  [0.07, -4.324],
  [0.245, -4.149],
  [0.245, -4.499],
  [1.654, 2.786],
  [1.304, 2.786],
  [1.479, 2.961],
  [1.479, 2.611],
  [-1.303, 3.142],
  [-1.653, 3.142],
  [-1.478, 3.317],
  [-1.478, 2.967],
  [0.24, 1.455],
  [-0.06, 1.455],
  [0.09, 1.605],
  [0.09, 1.305],
  [-4.25, -4.4],
  [-4.4, -4.25],
  [-4.25, -2.843],
  [-4.4, -2.693],
  [-4.4, -2.993],
  [3.255, -0.177],
  [2.905, -0.177],
  [3.08, -0.002],
  [3.08, -0.352],
  [-1.189, -3.22],
  [-1.539, -3.22],
  [-1.364, -3.045],
  [-1.364, -3.395],
  [-4.25, 1.283],
  [-4.4, 1.433],
  [-4.4, 1.133],
  [-3.036, 2.852],
  [-3.386, 2.852],
  [-3.211, 3.027],
  [-3.211, 2.677],
  [-2.763, 1.503],
  [-3.063, 1.503],
  [-2.913, 1.653],
  [-2.913, 1.353],
  [3.263, -2.967],
  [2.913, -2.967],
  [3.088, -2.792],
  [3.088, -3.142],
  [-2.66, -1.394],
  [-3.01, -1.394],
  [-2.835, -1.219],
  [-2.835, -1.569],
  [1.825, -2.891],
  [1.475, -2.891],
  [1.65, -2.716],
  [1.65, -3.066],
  [-1.116, -0.137],
  [-1.466, -0.137],
  [-1.291, 0.038],
  [-1.291, -0.312],
  [0.367, -2.892],
  [0.067, -2.892],
  [0.217, -2.742],
  [0.217, -3.042]
]
